0 93.9964 290.224 33.7298 131.873 87.5786 18.4549 88.8784 79.7017 92.5971 
93.9964 0 198.162 74.7801 96.8864 56.4185 100.499 75.3262 31.7952 126.841 
290.224 198.162 0 263.952 202.46 237.312 298.504 228.057 211.959 282.571 
33.7298 74.7801 263.952 0 98.1492 89.5241 50.7439 55.1905 52.1263 69.8681 
131.873 96.8864 202.46 98.1492 0 149.421 148.51 43.0684 72.3868 82.662 
87.5786 56.4185 237.312 89.5241 149.421 0 82.9252 118.688 77.3908 157.325 
18.4549 100.499 298.504 50.7439 148.51 82.9252 0 105.775 91.3904 110.764 
88.8784 75.3262 228.057 55.1905 43.0684 118.688 105.775 0 44.056 57.8377 
79.7017 31.7952 211.959 52.1263 72.3868 77.3908 91.3904 44.056 0 95.4092 
92.5971 126.841 282.571 69.8681 82.662 157.325 110.764 57.8377 95.4092 0 
